        TIME,    TIDE,      OB,   SURGE,    BIAS,     TWL,SURGE90p,  TWL90p,SURGE10p,   TWL10p
202609261800,   0.781,9999.000,   2.800,9999.000,   3.581,   2.300,   3.081,   3.100,   3.881
202609261806,   0.715,9999.000,9999.000,9999.000,9999.000,9999.000,9999.000,9999.000,9999.000
202609261812,   0.653,9999.000,9999.000,9999.000,9999.000,9999.000,9999.000,9999.000,9999.000
202609261818,   0.594,9999.000,9999.000,9999.000,9999.000,9999.000,9999.000,9999.000,9999.000
202609261824,   0.540,9999.000,9999.000,9999.000,9999.000,9999.000,9999.000,9999.000,9999.000
202609261830,   0.491,9999.000,9999.000,9999.000,9999.000,9999.000,9999.000,9999.000,9999.000
202609261836,   0.446,9999.000,9999.000,9999.000,9999.000,9999.000,9999.000,9999.000,9999.000
202609261842,   0.406,9999.000,9999.000,9999.000,9999.000,9999.000,9999.000,9999.000,9999.000
202609261848,   0.372,9999.000,9999.000,9999.000,9999.000,9999.000,9999.000,9999.000,9999.000
202609261854,   0.343,9999.000,9999.000,9999.000,9999.000,9999.000,9999.000,9999.000,9999.000
202609261900,   0.321,   3.339,   2.700,   0.318,   3.339,   2.200,   2.839,   3.000,   3.639
202609261906,   0.305,   3.289,9999.000,9999.000,9999.000,9999.000,9999.000,9999.000,9999.000
202609261912,   0.296,   3.230,9999.000,9999.000,9999.000,9999.000,9999.000,9999.000,9999.000
202609261918,   0.295,   3.158,9999.000,9999.000,9999.000,9999.000,9999.000,9999.000,9999.000
202609261924,   0.301,   3.099,9999.000,9999.000,9999.000,9999.000,9999.000,9999.000,9999.000
202609261930,   0.316,   3.040,9999.000,9999.000,9999.000,9999.000,9999.000,9999.000,9999.000
202609261936,   0.340,   2.997,9999.000,9999.000,9999.000,9999.000,9999.000,9999.000,9999.000
202609261942,   0.374,   2.958,9999.000,9999.000,9999.000,9999.000,9999.000,9999.000,9999.000
202609261948,   0.417,   2.948,9999.000,9999.000,9999.000,9999.000,9999.000,9999.000,9999.000
202609261954,   0.470,   2.938,9999.000,9999.000,9999.000,9999.000,9999.000,9999.000,9999.000
202609262000,   0.533,   2.948,   2.600,  -0.185,   2.948,   2.200,   2.548,   2.900,   3.248
202609262006,   0.607,   2.968,9999.000,9999.000,9999.000,9999.000,9999.000,9999.000,9999.000
202609262012,   0.692,   3.030,9999.000,9999.000,9999.000,9999.000,9999.000,9999.000,9999.000
202609262018,   0.788,   3.089,9999.000,9999.000,9999.000,9999.000,9999.000,9999.000,9999.000
202609262024,   0.894,   3.148,9999.000,9999.000,9999.000,9999.000,9999.000,9999.000,9999.000
202609262030,   1.011,   3.260,9999.000,9999.000,9999.000,9999.000,9999.000,9999.000,9999.000
202609262036,   1.139,   3.378,9999.000,9999.000,9999.000,9999.000,9999.000,9999.000,9999.000
202609262042,   1.276,   3.499,9999.000,9999.000,9999.000,9999.000,9999.000,9999.000,9999.000
202609262048,   1.424,   3.607,9999.000,9999.000,9999.000,9999.000,9999.000,9999.000,9999.000
202609262054,   1.580,   3.758,9999.000,9999.000,9999.000,9999.000,9999.000,9999.000,9999.000
202609262100,   1.744,   3.899,   2.500,  -0.345,   3.899,   2.200,   3.599,   2.800,   4.199
202609262106,   1.915,   4.047,9999.000,9999.000,9999.000,9999.000,9999.000,9999.000,9999.000
202609262112,   2.093,   4.218,9999.000,9999.000,9999.000,9999.000,9999.000,9999.000,9999.000
202609262118,   2.276,   4.368,9999.000,9999.000,9999.000,9999.000,9999.000,9999.000,9999.000
202609262124,   2.464,   4.509,9999.000,9999.000,9999.000,9999.000,9999.000,9999.000,9999.000
202609262130,   2.654,   4.637,9999.000,9999.000,9999.000,9999.000,9999.000,9999.000,9999.000
202609262136,   2.846,   4.778,9999.000,9999.000,9999.000,9999.000,9999.000,9999.000,9999.000
202609262142,   3.039,   4.929,9999.000,9999.000,9999.000,9999.000,9999.000,9999.000,9999.000
202609262148,   3.231,   5.057,9999.000,9999.000,9999.000,9999.000,9999.000,9999.000,9999.000
202609262154,   3.422,   5.218,9999.000,9999.000,9999.000,9999.000,9999.000,9999.000,9999.000
202609262200,   3.610,   5.359,   2.500,  -0.751,   5.359,   2.200,   5.059,   2.800,   5.659
202609262206,   3.795,   5.477,9999.000,9999.000,9999.000,9999.000,9999.000,9999.000,9999.000
202609262212,   3.975,   5.608,9999.000,9999.000,9999.000,9999.000,9999.000,9999.000,9999.000
202609262218,   4.151,   5.749,9999.000,9999.000,9999.000,9999.000,9999.000,9999.000,9999.000
202609262224,   4.321,   5.877,9999.000,9999.000,9999.000,9999.000,9999.000,9999.000,9999.000
202609262230,   4.484,   6.008,9999.000,9999.000,9999.000,9999.000,9999.000,9999.000,9999.000
202609262236,   4.641,   6.136,9999.000,9999.000,9999.000,9999.000,9999.000,9999.000,9999.000
202609262242,   4.791,   6.258,9999.000,9999.000,9999.000,9999.000,9999.000,9999.000,9999.000
202609262248,   4.933,   6.379,9999.000,9999.000,9999.000,9999.000,9999.000,9999.000,9999.000
202609262254,   5.068,   6.487,9999.000,9999.000,9999.000,9999.000,9999.000,9999.000,9999.000
202609262300,   5.195,   6.609,   2.500,  -1.086,   6.609,   2.200,   6.309,   2.700,   6.809
202609262306,   5.314,   6.707,9999.000,9999.000,9999.000,9999.000,9999.000,9999.000,9999.000
202609262312,   5.426,   6.809,9999.000,9999.000,9999.000,9999.000,9999.000,9999.000,9999.000
202609262318,   5.529,   6.907,9999.000,9999.000,9999.000,9999.000,9999.000,9999.000,9999.000
202609262324,   5.625,   6.999,9999.000,9999.000,9999.000,9999.000,9999.000,9999.000,9999.000
202609262330,   5.713,   7.088,9999.000,9999.000,9999.000,9999.000,9999.000,9999.000,9999.000
202609262336,   5.793,   7.189,9999.000,9999.000,9999.000,9999.000,9999.000,9999.000,9999.000
202609262342,   5.866,   7.268,9999.000,9999.000,9999.000,9999.000,9999.000,9999.000,9999.000
202609262348,   5.931,   7.357,9999.000,9999.000,9999.000,9999.000,9999.000,9999.000,9999.000
202609262354,   5.989,   7.448,9999.000,9999.000,9999.000,9999.000,9999.000,9999.000,9999.000
202609270000,   6.039,   7.517,   2.500,  -1.022,   7.517,   2.300,   7.317,   2.700,   7.717
202609270006,   6.082,   7.586,9999.000,9999.000,9999.000,9999.000,9999.000,9999.000,9999.000
202609270012,   6.117,   7.639,9999.000,9999.000,9999.000,9999.000,9999.000,9999.000,9999.000
202609270018,   6.145,   7.717,9999.000,9999.000,9999.000,9999.000,9999.000,9999.000,9999.000
202609270024,   6.167,   7.767,9999.000,9999.000,9999.000,9999.000,9999.000,9999.000,9999.000
202609270030,   6.181,   7.829,9999.000,9999.000,9999.000,9999.000,9999.000,9999.000,9999.000
202609270036,   6.188,   7.888,9999.000,9999.000,9999.000,9999.000,9999.000,9999.000,9999.000
202609270042,   6.188,   7.937,9999.000,9999.000,9999.000,9999.000,9999.000,9999.000,9999.000
202609270048,   6.181,   7.976,9999.000,9999.000,9999.000,9999.000,9999.000,9999.000,9999.000
202609270054,   6.167,   8.006,9999.000,9999.000,9999.000,9999.000,9999.000,9999.000,9999.000
202609270100,   6.146,   8.039,   2.500,  -0.607,   8.039,   2.200,   7.739,   2.700,   8.239
202609270106,   6.119,   8.058,9999.000,9999.000,9999.000,9999.000,9999.000,9999.000,9999.000
202609270112,   6.084,   8.078,9999.000,9999.000,9999.000,9999.000,9999.000,9999.000,9999.000
202609270118,   6.043,   8.098,9999.000,9999.000,9999.000,9999.000,9999.000,9999.000,9999.000
202609270124,   5.995,   8.108,9999.000,9999.000,9999.000,9999.000,9999.000,9999.000,9999.000
202609270130,   5.940,   8.098,9999.000,9999.000,9999.000,9999.000,9999.000,9999.000,9999.000
202609270136,   5.879,   8.088,9999.000,9999.000,9999.000,9999.000,9999.000,9999.000,9999.000
202609270142,   5.811,   8.049,9999.000,9999.000,9999.000,9999.000,9999.000,9999.000,9999.000
202609270148,   5.737,   8.006,9999.000,9999.000,9999.000,9999.000,9999.000,9999.000,9999.000
202609270154,   5.657,   7.967,9999.000,9999.000,9999.000,9999.000,9999.000,9999.000,9999.000
202609270200,   5.571,   7.937,   2.400,  -0.034,   7.937,   2.200,   7.737,   2.600,   8.137
202609270206,   5.478,   7.888,9999.000,9999.000,9999.000,9999.000,9999.000,9999.000,9999.000
202609270212,   5.380,   7.849,9999.000,9999.000,9999.000,9999.000,9999.000,9999.000,9999.000
202609270218,   5.277,   7.786,9999.000,9999.000,9999.000,9999.000,9999.000,9999.000,9999.000
202609270224,   5.168,   7.727,9999.000,9999.000,9999.000,9999.000,9999.000,9999.000,9999.000
202609270230,   5.055,   7.648,9999.000,9999.000,9999.000,9999.000,9999.000,9999.000,9999.000
202609270236,   4.937,   7.566,9999.000,9999.000,9999.000,9999.000,9999.000,9999.000,9999.000
202609270242,   4.814,   7.458,9999.000,9999.000,9999.000,9999.000,9999.000,9999.000,9999.000
202609270248,   4.688,   7.357,9999.000,9999.000,9999.000,9999.000,9999.000,9999.000,9999.000
202609270254,   4.558,   7.278,9999.000,9999.000,9999.000,9999.000,9999.000,9999.000,9999.000
202609270300,   4.425,   7.189,   2.300,   0.464,   7.189,   2.100,   6.989,   2.500,   7.389
202609270306,   4.288,   7.107,9999.000,9999.000,9999.000,9999.000,9999.000,9999.000,9999.000
202609270312,   4.150,   7.029,9999.000,9999.000,9999.000,9999.000,9999.000,9999.000,9999.000
202609270318,   4.009,   6.927,9999.000,9999.000,9999.000,9999.000,9999.000,9999.000,9999.000
202609270324,   3.867,   6.858,9999.000,9999.000,9999.000,9999.000,9999.000,9999.000,9999.000
202609270330,   3.724,   6.756,9999.000,9999.000,9999.000,9999.000,9999.000,9999.000,9999.000
202609270336,   3.580,   6.658,9999.000,9999.000,9999.000,9999.000,9999.000,9999.000,9999.000
202609270342,   3.435,   6.546,9999.000,9999.000,9999.000,9999.000,9999.000,9999.000,9999.000
202609270348,   3.290,   6.418,9999.000,9999.000,9999.000,9999.000,9999.000,9999.000,9999.000
202609270354,   3.146,   6.277,9999.000,9999.000,9999.000,9999.000,9999.000,9999.000,9999.000
202609270400,   3.003,   6.136,   2.300,   0.833,   6.136,   2.100,   5.936,   2.500,   6.336
202609270406,   2.860,   5.989,9999.000,9999.000,9999.000,9999.000,9999.000,9999.000,9999.000
202609270412,   2.720,   5.818,9999.000,9999.000,9999.000,9999.000,9999.000,9999.000,9999.000
202609270418,   2.581,   5.648,9999.000,9999.000,9999.000,9999.000,9999.000,9999.000,9999.000
202609270424,   2.444,   5.457,9999.000,9999.000,9999.000,9999.000,9999.000,9999.000,9999.000
202609270430,   2.309,   5.320,9999.000,9999.000,9999.000,9999.000,9999.000,9999.000,9999.000
202609270436,   2.177,   5.139,9999.000,9999.000,9999.000,9999.000,9999.000,9999.000,9999.000
202609270442,   2.048,   4.979,9999.000,9999.000,9999.000,9999.000,9999.000,9999.000,9999.000
202609270448,   1.922,   4.837,9999.000,9999.000,9999.000,9999.000,9999.000,9999.000,9999.000
202609270454,   1.799,   4.700,9999.000,9999.000,9999.000,9999.000,9999.000,9999.000,9999.000
202609270500,   1.679,   4.578,   2.300,   0.599,   4.578,   2.100,   4.378,   2.600,   4.878
202609270506,   1.563,   4.467,9999.000,9999.000,9999.000,9999.000,9999.000,9999.000,9999.000
202609270512,   1.451,   4.349,9999.000,9999.000,9999.000,9999.000,9999.000,9999.000,9999.000
202609270518,   1.342,   4.257,9999.000,9999.000,9999.000,9999.000,9999.000,9999.000,9999.000
202609270524,   1.237,   4.159,9999.000,9999.000,9999.000,9999.000,9999.000,9999.000,9999.000
202609270530,   1.135,   4.070,9999.000,9999.000,9999.000,9999.000,9999.000,9999.000,9999.000
202609270536,   1.038,   3.988,9999.000,9999.000,9999.000,9999.000,9999.000,9999.000,9999.000
202609270542,   0.944,   3.909,9999.000,9999.000,9999.000,9999.000,9999.000,9999.000,9999.000
202609270548,   0.855,   3.847,9999.000,9999.000,9999.000,9999.000,9999.000,9999.000,9999.000
202609270554,   0.769,   3.798,9999.000,9999.000,9999.000,9999.000,9999.000,9999.000,9999.000
202609270600,   0.687,   3.739,   2.400,   0.652,   3.739,   2.100,   3.439,   2.700,   4.039
202609270606,   0.609,   3.689,9999.000,9999.000,9999.000,9999.000,9999.000,9999.000,9999.000
202609270612,   0.535,   3.650,9999.000,9999.000,9999.000,9999.000,9999.000,9999.000,9999.000
202609270618,   0.466,   3.588,9999.000,9999.000,9999.000,9999.000,9999.000,9999.000,9999.000
202609270624,   0.400,   3.539,9999.000,9999.000,9999.000,9999.000,9999.000,9999.000,9999.000
202609270630,   0.339,   3.489,9999.000,9999.000,9999.000,9999.000,9999.000,9999.000,9999.000
202609270636,   0.282,   3.417,9999.000,9999.000,9999.000,9999.000,9999.000,9999.000,9999.000
202609270642,   0.231,   3.358,9999.000,9999.000,9999.000,9999.000,9999.000,9999.000,9999.000
202609270648,   0.184,   3.289,9999.000,9999.000,9999.000,9999.000,9999.000,9999.000,9999.000
202609270654,   0.142,   3.217,9999.000,9999.000,9999.000,9999.000,9999.000,9999.000,9999.000
202609270700,   0.106,   3.148,   2.400,   0.642,   3.148,   2.100,   2.848,   2.800,   3.548
202609270706,   0.076,   3.070,9999.000,9999.000,9999.000,9999.000,9999.000,9999.000,9999.000
202609270712,   0.051,   3.017,9999.000,9999.000,9999.000,9999.000,9999.000,9999.000,9999.000
202609270718,   0.034,   2.948,9999.000,9999.000,9999.000,9999.000,9999.000,9999.000,9999.000
202609270724,   0.023,   2.879,9999.000,9999.000,9999.000,9999.000,9999.000,9999.000,9999.000
202609270730,   0.021,   2.820,9999.000,9999.000,9999.000,9999.000,9999.000,9999.000,9999.000
202609270736,   0.026,   2.758,9999.000,9999.000,9999.000,9999.000,9999.000,9999.000,9999.000
202609270742,   0.039,   2.709,9999.000,9999.000,9999.000,9999.000,9999.000,9999.000,9999.000
202609270748,   0.061,   2.669,9999.000,9999.000,9999.000,9999.000,9999.000,9999.000,9999.000
202609270754,   0.093,   2.630,9999.000,9999.000,9999.000,9999.000,9999.000,9999.000,9999.000
202609270800,   0.134,   2.630,   2.500,  -0.004,   2.630,   2.100,   2.230,   2.800,   2.930
202609270806,   0.186,   2.630,9999.000,9999.000,9999.000,9999.000,9999.000,9999.000,9999.000
202609270812,   0.248,   2.640,9999.000,9999.000,9999.000,9999.000,9999.000,9999.000,9999.000
202609270818,   0.322,   2.679,9999.000,9999.000,9999.000,9999.000,9999.000,9999.000,9999.000
202609270824,   0.407,   2.738,9999.000,9999.000,9999.000,9999.000,9999.000,9999.000,9999.000
202609270830,   0.503,   2.797,9999.000,9999.000,9999.000,9999.000,9999.000,9999.000,9999.000
202609270836,   0.610,   2.869,9999.000,9999.000,9999.000,9999.000,9999.000,9999.000,9999.000
202609270842,   0.730,   2.948,9999.000,9999.000,9999.000,9999.000,9999.000,9999.000,9999.000
202609270848,   0.860,   3.060,9999.000,9999.000,9999.000,9999.000,9999.000,9999.000,9999.000
202609270854,   1.002,   3.168,9999.000,9999.000,9999.000,9999.000,9999.000,9999.000,9999.000
202609270900,   1.155,   3.289,   2.400,  -0.266,   3.289,   2.200,   3.089,   2.700,   3.589
202609270906,   1.319,   3.440,9999.000,9999.000,9999.000,9999.000,9999.000,9999.000,9999.000
202609270912,   1.492,   3.588,9999.000,9999.000,9999.000,9999.000,9999.000,9999.000,9999.000
202609270918,   1.674,   3.749,9999.000,9999.000,9999.000,9999.000,9999.000,9999.000,9999.000
202609270924,   1.864,   3.880,9999.000,9999.000,9999.000,9999.000,9999.000,9999.000,9999.000
202609270930,   2.061,   4.047,9999.000,9999.000,9999.000,9999.000,9999.000,9999.000,9999.000
202609270936,   2.264,   4.247,9999.000,9999.000,9999.000,9999.000,9999.000,9999.000,9999.000
202609270942,   2.471,   4.388,9999.000,9999.000,9999.000,9999.000,9999.000,9999.000,9999.000
202609270948,   2.682,   4.519,9999.000,9999.000,9999.000,9999.000,9999.000,9999.000,9999.000
202609270954,   2.895,   4.637,9999.000,9999.000,9999.000,9999.000,9999.000,9999.000,9999.000
202609271000,   3.109,   4.778,   2.400,  -0.731,   4.778,   2.100,   4.478,   2.600,   4.978
202609271006,   3.322,   4.949,9999.000,9999.000,9999.000,9999.000,9999.000,9999.000,9999.000
202609271012,   3.534,   5.097,9999.000,9999.000,9999.000,9999.000,9999.000,9999.000,9999.000
202609271018,   3.742,   5.267,9999.000,9999.000,9999.000,9999.000,9999.000,9999.000,9999.000
202609271024,   3.946,   5.448,9999.000,9999.000,9999.000,9999.000,9999.000,9999.000,9999.000
202609271030,   4.146,   5.638,9999.000,9999.000,9999.000,9999.000,9999.000,9999.000,9999.000
202609271036,   4.339,   5.779,9999.000,9999.000,9999.000,9999.000,9999.000,9999.000,9999.000
202609271042,   4.526,   5.999,9999.000,9999.000,9999.000,9999.000,9999.000,9999.000,9999.000
202609271048,   4.705,   6.159,9999.000,9999.000,9999.000,9999.000,9999.000,9999.000,9999.000
202609271054,   4.877,   6.297,9999.000,9999.000,9999.000,9999.000,9999.000,9999.000,9999.000
202609271100,   5.040,   6.438,   2.300,  -0.902,   6.438,   2.100,   6.238,   2.600,   6.738
202609271106,   5.195,   6.609,9999.000,9999.000,9999.000,9999.000,9999.000,9999.000,9999.000
202609271112,   5.341,   6.766,9999.000,9999.000,9999.000,9999.000,9999.000,9999.000,9999.000
202609271118,   5.478,   6.999,9999.000,9999.000,9999.000,9999.000,9999.000,9999.000,9999.000
202609271124,   5.606,   7.189,9999.000,9999.000,9999.000,9999.000,9999.000,9999.000,9999.000
202609271130,   5.725,   7.307,9999.000,9999.000,9999.000,9999.000,9999.000,9999.000,9999.000
202609271136,   5.835,   7.386,9999.000,9999.000,9999.000,9999.000,9999.000,9999.000,9999.000
202609271142,   5.936,   7.537,9999.000,9999.000,9999.000,9999.000,9999.000,9999.000,9999.000
202609271148,   6.029,   7.639,9999.000,9999.000,9999.000,9999.000,9999.000,9999.000,9999.000
202609271154,   6.112,   7.819,9999.000,9999.000,9999.000,9999.000,9999.000,9999.000,9999.000
202609271200,   6.187,   7.888,   2.300,  -0.599,   7.888,   1.900,   7.488,   2.600,   8.188
202609271206,   6.254,   7.927,9999.000,9999.000,9999.000,9999.000,9999.000,9999.000,9999.000
202609271212,   6.313,   7.976,9999.000,9999.000,9999.000,9999.000,9999.000,9999.000,9999.000
202609271218,   6.363,   8.068,9999.000,9999.000,9999.000,9999.000,9999.000,9999.000,9999.000
202609271224,   6.406,   8.167,9999.000,9999.000,9999.000,9999.000,9999.000,9999.000,9999.000
202609271230,   6.441,   8.239,9999.000,9999.000,9999.000,9999.000,9999.000,9999.000,9999.000
202609271236,   6.469,   8.308,9999.000,9999.000,9999.000,9999.000,9999.000,9999.000,9999.000
202609271242,   6.489,   8.386,9999.000,9999.000,9999.000,9999.000,9999.000,9999.000,9999.000
202609271248,   6.502,   8.449,9999.000,9999.000,9999.000,9999.000,9999.000,9999.000,9999.000
202609271254,   6.508,   8.508,9999.000,9999.000,9999.000,9999.000,9999.000,9999.000,9999.000
202609271300,   6.507,   8.557,   2.200,  -0.150,   8.557,   1.900,   8.257,   2.500,   8.857
202609271306,   6.499,   8.596,9999.000,9999.000,9999.000,9999.000,9999.000,9999.000,9999.000
202609271312,   6.484,   8.659,9999.000,9999.000,9999.000,9999.000,9999.000,9999.000,9999.000
202609271318,   6.463,   8.698,9999.000,9999.000,9999.000,9999.000,9999.000,9999.000,9999.000
202609271324,   6.435,   8.728,9999.000,9999.000,9999.000,9999.000,9999.000,9999.000,9999.000
202609271330,   6.400,   8.767,9999.000,9999.000,9999.000,9999.000,9999.000,9999.000,9999.000
202609271336,   6.359,   8.757,9999.000,9999.000,9999.000,9999.000,9999.000,9999.000,9999.000
202609271342,   6.312,   8.816,9999.000,9999.000,9999.000,9999.000,9999.000,9999.000,9999.000
202609271348,   6.258,   8.826,9999.000,9999.000,9999.000,9999.000,9999.000,9999.000,9999.000
202609271354,   6.198,   8.806,9999.000,9999.000,9999.000,9999.000,9999.000,9999.000,9999.000
202609271400,   6.131,   8.806,   2.200,   0.475,   8.806,   1.900,   8.506,   2.500,   9.106
202609271406,   6.059,   8.787,9999.000,9999.000,9999.000,9999.000,9999.000,9999.000,9999.000
202609271412,   5.981,   8.777,9999.000,9999.000,9999.000,9999.000,9999.000,9999.000,9999.000
202609271418,   5.897,   8.737,9999.000,9999.000,9999.000,9999.000,9999.000,9999.000,9999.000
202609271424,   5.807,   8.728,9999.000,9999.000,9999.000,9999.000,9999.000,9999.000,9999.000
202609271430,   5.712,   8.688,9999.000,9999.000,9999.000,9999.000,9999.000,9999.000,9999.000
202609271436,   5.612,   8.606,9999.000,9999.000,9999.000,9999.000,9999.000,9999.000,9999.000
202609271442,   5.506,   8.577,9999.000,9999.000,9999.000,9999.000,9999.000,9999.000,9999.000
202609271448,   5.396,   8.508,9999.000,9999.000,9999.000,9999.000,9999.000,9999.000,9999.000
202609271454,   5.281,   8.426,9999.000,9999.000,9999.000,9999.000,9999.000,9999.000,9999.000
202609271500,   5.162,   8.357,   2.300,   0.895,   8.357,   1.900,   7.957,   2.600,   8.657
202609271506,   5.039,   8.278,9999.000,9999.000,9999.000,9999.000,9999.000,9999.000,9999.000
202609271512,   4.912,   8.186,9999.000,9999.000,9999.000,9999.000,9999.000,9999.000,9999.000
202609271518,   4.782,   8.088,9999.000,9999.000,9999.000,9999.000,9999.000,9999.000,9999.000
202609271524,   4.649,   8.006,9999.000,9999.000,9999.000,9999.000,9999.000,9999.000,9999.000
202609271530,   4.513,   7.888,9999.000,9999.000,9999.000,9999.000,9999.000,9999.000,9999.000
202609271536,   4.375,   7.776,9999.000,9999.000,9999.000,9999.000,9999.000,9999.000,9999.000
202609271542,   4.235,   7.619,9999.000,9999.000,9999.000,9999.000,9999.000,9999.000,9999.000
202609271548,   4.094,   7.498,9999.000,9999.000,9999.000,9999.000,9999.000,9999.000,9999.000
202609271554,   3.952,   7.357,9999.000,9999.000,9999.000,9999.000,9999.000,9999.000,9999.000
202609271600,   3.809,   7.229,   2.300,   1.120,   7.229,   2.000,   6.929,   2.700,   7.629
202609271606,   3.665,   7.088,9999.000,9999.000,9999.000,9999.000,9999.000,9999.000,9999.000
202609271612,   3.522,   6.917,9999.000,9999.000,9999.000,9999.000,9999.000,9999.000,9999.000
202609271618,   3.379,   6.756,9999.000,9999.000,9999.000,9999.000,9999.000,9999.000,9999.000
202609271624,   3.236,   6.589,9999.000,9999.000,9999.000,9999.000,9999.000,9999.000,9999.000
202609271630,   3.095,   6.409,9999.000,9999.000,9999.000,9999.000,9999.000,9999.000,9999.000
202609271636,   2.955,   6.209,9999.000,9999.000,9999.000,9999.000,9999.000,9999.000,9999.000
202609271642,   2.817,   6.018,9999.000,9999.000,9999.000,9999.000,9999.000,9999.000,9999.000
202609271648,   2.681,   5.808,9999.000,9999.000,9999.000,9999.000,9999.000,9999.000,9999.000
202609271654,   2.548,   5.608,9999.000,9999.000,9999.000,9999.000,9999.000,9999.000,9999.000
202609271700,   2.416,   5.408,   2.300,   0.692,   5.408,   2.000,   5.108,   2.500,   5.608
202609271706,   2.288,   5.218,9999.000,9999.000,9999.000,9999.000,9999.000,9999.000,9999.000
202609271712,   2.162,   5.038,9999.000,9999.000,9999.000,9999.000,9999.000,9999.000,9999.000
202609271718,   2.039,   4.857,9999.000,9999.000,9999.000,9999.000,9999.000,9999.000,9999.000
202609271724,   1.920,   4.690,9999.000,9999.000,9999.000,9999.000,9999.000,9999.000,9999.000
202609271730,   1.803,   4.529,9999.000,9999.000,9999.000,9999.000,9999.000,9999.000,9999.000
202609271736,   1.690,   4.378,9999.000,9999.000,9999.000,9999.000,9999.000,9999.000,9999.000
202609271742,   1.581,   4.218,9999.000,9999.000,9999.000,9999.000,9999.000,9999.000,9999.000
202609271748,   1.475,   4.070,9999.000,9999.000,9999.000,9999.000,9999.000,9999.000,9999.000
202609271754,   1.372,   3.949,9999.000,9999.000,9999.000,9999.000,9999.000,9999.000,9999.000
202609271800,   1.273,   3.837,   2.100,   0.464,   3.837,   1.900,   3.637,   2.200,   3.937
202609271806,   1.178,   3.699,9999.000,9999.000,9999.000,9999.000,9999.000,9999.000,9999.000
202609271812,   1.086,   3.588,9999.000,9999.000,9999.000,9999.000,9999.000,9999.000,9999.000
202609271818,   0.997,   3.470,9999.000,9999.000,9999.000,9999.000,9999.000,9999.000,9999.000
202609271824,   0.912,   3.358,9999.000,9999.000,9999.000,9999.000,9999.000,9999.000,9999.000
202609271830,   0.831,   3.250,9999.000,9999.000,9999.000,9999.000,9999.000,9999.000,9999.000
202609271836,   0.754,   3.138,9999.000,9999.000,9999.000,9999.000,9999.000,9999.000,9999.000
202609271842,   0.680,   3.040,9999.000,9999.000,9999.000,9999.000,9999.000,9999.000,9999.000
202609271848,   0.610,   2.938,9999.000,9999.000,9999.000,9999.000,9999.000,9999.000,9999.000
